  -0.000612879171  1.88998273e-05  0.000396363283               0 00000
      0.274803525   -0.0475201916    0.0324267538     0.667153399 10000
       -1.3994007    0.0835176035   -0.0328542747    -0.265706749 01000
    0.00239303609    -0.716214872     0.299004165  -0.00128007291 00100
    -0.0496121185      1.25143304     -1.95474323   -0.0894340584 00010
     -0.552832984   -0.0214674884   -0.0698624004     -1.95819072 20000
       3.29181492     0.375053363      0.32040916      14.5254699 11000
      -2.26256786     -2.89426867     0.289625955     -14.7683128 02000
     0.0339834429      3.72461138    -0.683135544     -0.67421213 10100
     -0.224274761     -1.05695219     0.655393163       1.6860641 01100
    -0.0353231215    -0.342691324   -0.0578271532     -1.06471281 00200
     -0.798287305     -39.5288373      7.27982721     -0.38616236 10010
       3.31333081      17.8120295      -5.0060408      2.63422556 01010
      0.107470282      3.04574067    0.0774272192      1.82692667 00110
      -0.42815871     -2.27653091      -1.1284761      2.16863555 00020
       2.43806838    -0.498807413    0.0777765777      6.95241266 30000
       -25.170006      1.00756318    -0.370677674     -71.1762972 21000
       69.0911784      5.11162828    -0.195360213      218.345425 12000
      -47.8723505     -16.5329803      4.18689153     -149.452012 03000
      -1.03351296     -20.4884528      2.52179185    -0.131920908 20100
       5.54384073      128.648545     -17.6465349      31.2372059 11100
      -10.4994963     -167.977111      17.6647074     -101.143387 02100
       2.06851996     -2.48719677      1.64609964      10.8913494 10200
       -4.3462397      13.6843228     -3.52671736    -0.267031569 01200
      0.998315626     -2.91452451    -0.766674546    -0.170683087 00300
       8.67903946      208.466329     -26.2509548     -16.8303129 20010
      -59.4446888     -1409.18115      229.081864     -67.3108236 11010
       82.2811426      2266.95704     -357.617528      322.020556 02010
      -6.18270924      -24.144862     -4.38398063     -182.352086 10110
        5.2490257     -29.6947359      9.56096542      240.872342 01110
      -9.15549486      80.1727014     -5.02271941     -5.74748554 00210
       27.1151099      160.498353     -29.7829587      460.460434 10020
      -199.859219     -79.4819802     0.352559128      -1535.5001 01020
       10.5589187     -433.461489      36.0805652      3.60570705 00120
       7.02229484      1378.08615     -136.891669      60.5709952 00030
      -6.09633321      7.08587224     0.393224694     -14.2826759 40000
       89.9541643     -73.3195305      9.76135602      186.845598 31000
      -359.012473      367.801646     -81.6544628     -800.174844 22000
       326.487548     -809.355874      194.564652      1214.13639 13000
        259.54478      855.428883     -142.478352     -234.780373 04000
       2.29140547       1.1026545      4.76058087      15.1818966 30100
       17.5307812      -245.64237      19.6604077     -283.774899 21100
       -47.864334      518.267173      -137.36438      1247.01195 12100
       33.1781152      608.913585      16.7426655     -1071.09369 03100
      -26.2886136      21.9405513     -6.80309014     -28.4648732 20200
       121.580026      78.6340393      13.8193923      76.3825835 11200
      -191.307228     -482.938261      59.9269029     -33.7632646 02200
      -11.2310233      132.904149     -2.62899239      19.6121472 10300
       1.95732538     -362.632753        51.25209      -68.174109 01300
     -0.565858038      5.21934824     -6.29517197     -12.3156414 00400
      -51.2904519     -255.099431     -7.24546608      116.743681 30010
       287.688318       3175.1601     -194.568312     -377.730634 21010
       -786.23003     -5209.99929       678.52683      450.226463 12010
       370.771907     -6010.82993       616.57816     -4506.44417 03010
       44.2820459     -382.062522      114.668388      383.575703 20110
      -81.3239787       1530.1062     -512.587204      402.183396 11110
       375.435215      -1165.2066      483.997078      559.259523 02110
       73.0251256     -1467.78833      122.323178     -250.265865 10210
       27.7955645      3695.97721     -607.357977      1218.11896 01210
      -3.89855801       -197.4303       61.537945      129.262735 00310
       142.015673     -1362.14562      314.534214     -2128.65479 20020
      -1371.00851      3417.39854     -926.539476     -3113.60264 11020
      -796.116676      1176.69825     -273.228655     -639.860161 02020
       -42.990642      2920.26304      59.1288043      584.175154 10120
      -845.930388     -3473.49154      214.268834     -3393.68669 01120
       197.608513      702.606253     -137.076502     -560.255043 00220
      -34.4830952      507.444161      543.114621     -383.167868 10030
      -325.355081     -503.078677      75.2456192     -500.540224 01030
      -701.800868      187.430837     -278.991896      708.682182 00130
      -262.382261      79.7027841     -111.909792      249.999843 00040
      0.702188757     -12.9044714      -4.5220838      -7.2356411 50000
      -41.7096917      201.650812     -19.5317325      60.9384923 41000
       408.798508     -666.312121      178.273742     -165.368284 32000
      -480.003123      492.287691     -255.179228      126.346427 23000
      -542.550647      687.782237     -282.185737      254.189956 14000
       -323.78242       438.92745     -168.115056      397.459782 05000
       18.2266149       148.70842     -62.0167387     -83.9714915 40100
      -169.361524      617.249153      32.5151525      1280.47511 31100
       321.867974     -1324.89587      246.364928     -5435.80599 22100
      -135.072868      -1529.9458      447.519958      3917.91024 13100
      -210.575155     -1088.30785      331.919425      4721.51784 04100
       109.663517     -200.317303      45.9437207      160.669472 30200
      -354.059769      46.9371181     -100.854959     -1470.35849 21200
       154.961566      548.046732     -20.3353547      3803.97338 12200
       143.760147      1128.64942     -220.603796     -5268.00971 03200
      -23.3812091     -893.325719      155.417419      23.5887834 20300
       203.454951      745.612718     -210.880224     -679.870127 11300
      -33.6747217      1622.86861     -239.275595      2194.89905 02300
      -184.231003     -83.0318719      29.2182508     -71.5784841 10400
       400.351384      379.227213      -177.89159      456.689968 01400
      -62.1024441      380.417278     -150.727772     -9.67856063 00500
       37.7662281     -611.991996      184.146348      -436.00193 40010
       126.167009     -5.23289595      -884.98981      1890.14889 31010
      -113.053471     -986.399229     -203.859338      2360.88545 22010
      -61.4658182     -886.205115      27.8271602       1623.2691 13010
      -20.4079247     -531.870804      46.9899681      840.602295 04010
      -227.594376      1502.58592     -219.967301     -943.482821 30110
         85.35184     -1086.53256      402.625326      4746.99874 21110
       122.138972     -437.056926      181.784086      609.992834 12110
       45.4057728     -9.29355022      31.5401514     -730.839786 03110
      -329.994397      1977.32832      119.031421      598.998199 20210
       201.543465      2176.94733     -272.457727     -859.465574 11210
       120.636497      1053.97489     -157.683479     -921.214445 02210
       149.344886     -2082.55735      563.944585      464.747594 10310
       519.285959      313.990023      173.403681     -2816.79138 01310
       446.673633     -3026.93367      1358.04773      183.468825 00410
       107.848609     -414.213131      221.867175      1792.78178 30020
      -103.932284        15.93478      36.7524929      515.524135 21020
      -60.7743307      58.0342676     -3.33194176     -108.469253 12020
      -30.7732171      49.2435349     -10.4048046     -215.896274 03020
       37.0279925       1299.6431     -80.6222448     -721.124351 20120
        28.099072      196.371432     -26.3700199     -817.171968 11120
       25.3656233      123.412207     -14.5603268     -406.643721 02120
       252.804401      127.579031      90.2238969     -614.081888 10220
       158.261713      231.584639      29.2548592     -269.113197 01220
      -197.631283     -1805.17308      453.406436     -562.173653 00320
       10.2740457      115.384641      38.8600568     -402.195562 20030
       15.2687732      88.1896622     0.418486335     -150.006508 11030
       7.81471993      60.4730841     -2.45806601     -55.0578267 02030
       33.6317744      66.7315514      8.38749871     -16.5448678 10130
       30.6773129      22.5478126       9.3338289     -10.4322299 01130
      -41.0911914      -598.95112      136.269982     -182.735064 00230
       14.5270538      14.1231217      4.53379326      6.33640721 10040
       8.48426469    -0.696217141      3.39649326       2.5860752 01040
      -11.5808134     -159.750826      31.2841058     -33.0662278 00140
      -3.00071379     -40.2076718      6.66700848     -5.71215558 00050
       16.5200491     -4.07314424      12.6794898               0 60000
      -251.291382     -62.5704224     -63.4213177               0 51000
       459.430005     -723.230807      186.442773               0 42000
       185.316974      -234.94244      60.5002637               0 33000
       23.9256677      8.88061452     -4.13925227               0 24000
      -13.7949596      46.0078612     -13.5806382               0 15000
      -13.2781098      31.0534645     -9.18203776               0 06000
      -64.0989147     -289.243807      116.306387               0 50100
       162.663327     -1086.53063      127.651552               0 41100
       179.607226     -549.996867     -37.6394079               0 32100
       47.1982687     -279.526883     -10.2687328               0 23100
     -0.662530144     -141.703365      8.01199182               0 14100
      -6.41909838     -68.9461065      9.00310667               0 05100
      -244.235754      73.8811917     -113.115543               0 40200
       520.857249      1868.25507     -170.659473               0 31200
       357.004224      689.899352      7.02752033               0 22200
       175.962146      267.951974      10.3438119               0 13200
        71.586675      122.984022     -1.92197064               0 04200
       83.6898875      1923.03619     -545.845462               0 30300
      -74.6160615     -74.0513394      -218.27103               0 21300
      -150.820371      141.567832     -137.662468               0 12300
      -92.9578287      108.189321     -63.6963255               0 03300
       516.163945     -296.343259      113.598125               0 20400
      -157.054179     -1606.33462      354.264508               0 11400
       42.2205933     -848.276292      199.355047               0 02400
      -86.1753702     -2733.87364       952.64874               0 10500
        531.42425      808.895348      84.0878803               0 01500
      -289.750771     -439.820807      254.662528               0 00600
       105.973634      1072.69497     -218.984502               0 50010
       82.5594471      195.253022     -252.740933               0 41010
       2.34525071     -58.7261547     -72.4775563               0 32010
      -1.52881039     -73.0353371     -15.0637238               0 23010
     0.0925690876     -47.0120658     -1.76332758               0 14010
       1.06883245     -26.9617209      0.67588833               0 05010
       178.552339      494.581891     -54.6553234               0 40110
       135.045322      -7.1322083      75.2700725               0 31110
       67.7555068     -8.17380444      34.6761748               0 22110
       28.1373015      1.95692337      12.0397999               0 13110
       10.3577336      2.08981922      4.00844003               0 04110
      -219.921366      506.179928     -228.857841               0 30210
      -46.7468563      289.065251      -110.54089               0 21210
      -24.0324078       94.471903     -39.9551446               0 12210
      -8.15874171      36.5138396     -15.5712622               0 03210
      -35.8231549      -1397.3413       282.80795               0 20310
       1.63453267     -437.571369      109.406666               0 11310
       12.2582577     -132.702783      39.7104964               0 02310
       204.598809      637.145037     -67.6477417               0 10410
       78.4827505      51.9607667      11.3729183               0 01410
       -20.811531     -802.488898      244.500005               0 00510
       67.2425172     -129.161916      55.9631162               0 40020
       8.13889368        24.89061      4.44980134               0 31020
       1.16566605       19.812927     -1.17569061               0 22020
     -0.226193072      8.78346973    -0.918695434               0 13020
     -0.524386709      3.29231593    -0.390065971               0 04020
      -12.7045883      173.493495     -70.8001538               0 30120
      -12.5799144     -2.78489492      -13.569199               0 21120
      -5.41671697     -6.29726889     -3.03428464               0 12120
      -1.59356541     -1.11906689     -1.23835708               0 03120
       6.33482806     -162.527411       38.336643               0 20220
     -0.462650413     -35.9774298      9.27149062               0 11220
      0.271099845     -10.8512345      3.42532505               0 02220
       15.2832677      50.7842301     -22.1033615               0 10320
        6.8881981     -38.5643387      6.78888307               0 01320
       4.65658823     -96.7503075      42.7202378               0 00420
      -4.99540573     -17.6492522     -3.25886875               0 30030
      -1.98484717     -3.45388547    -0.670160162               0 21030
     -0.904345969      -1.0070708   -0.0269951054               0 12030
      -0.27291743     -0.28476057   -0.0470871144               0 03030
      -5.08928959     -21.9853414        2.865083               0 20130
      -1.90625721     -5.05043694     0.272932336               0 11130
      -0.43393316     -1.98443949     0.341981474               0 02130
       5.84864507      4.94501966     -3.37652841               0 10230
       1.40069422     -10.0157119      1.82004908               0 01230
      -4.87345735     -20.5700604      6.90738747               0 00330
      -1.05473556     -3.70063315     0.179697328               0 20040
     -0.638268903    -0.277563046    -0.215465237               0 11040
     -0.233738802    -0.123489795   -0.0112532545               0 02040
       1.26703056      3.54859233    -0.959161809               0 10140
     0.0368089561     -2.60035559     0.361310266               0 01140
      -1.89855124     -5.47543712      1.28642948               0 00240
      0.267945522      1.33436463    -0.132385564               0 10050
    -0.0669023075    -0.531568521    0.0727724368               0 01050
     -0.753365392     -1.29500166     0.159037183               0 00150
     -0.253089213    -0.276671631  -0.00629212928               0 00060
      0.292838822   -0.0779452895     0.044292394     0.845582884 00001
      -1.40937257     0.301926272    -0.187978798     -2.47726545 10001
       3.33484635    -0.862548002     0.574689547      10.5041925 01001
      0.013045016      4.51258325    -0.861523847    0.0259132153 00101
    -0.0618394303     -47.7437684      8.94535901    -0.107744042 00011
      -1.06632062      0.16674145    -0.107916202      -1.3022916 00002
 ---------------------------------------------
