  0.1421085E-11  0.000000      0.000000      0.000000    -0.1436007E-11 000000
  -1.466736    -0.5283067      0.000000      0.000000     0.3838165     100000
 -0.1814724E-01-0.6883224      0.000000      0.000000    -0.1078527     010000
   0.000000      0.000000     -1.898819     -2.995216     0.5238090E-01 001000
   0.000000      0.000000    -0.1589333    -0.7773461     0.9089603E-02 000100
   0.000000      0.000000      0.000000      0.000000      1.000000     000010
   1.651566      3.211688    -0.8934441E-01 0.1349277    -0.5714266E-01 000001
  0.1797246E-03-0.4482039E-04 0.1012837E-05 0.1594856E-05-0.3472502E-02 200000
  0.1471518E-03-0.1167916E-03-0.9923800E-04-0.1562593E-03 0.2954667E-03 110000
 -0.1133620E-03-0.7608293E-04-0.1279081E-04-0.3392073E-04-0.4852871E-03 020000
 -0.7792558E-06-0.2880767E-06 0.1295129E-02 0.2825850E-03 0.2026949E-06 101000
  0.7656761E-04 0.2794118E-04-0.4671270E-04 0.6466080E-03-0.1997646E-04 011000
 -0.1033362E-02-0.1511682E-02  0.000000      0.000000    -0.9506089E-02 002000
 -0.7674064E-04-0.2836931E-04 0.3598124E-03 0.6101914E-04 0.1996132E-04 100100
 -0.1240321E-04 0.3119496E-04 0.4580379E-04 0.1454966E-03 0.9135580E-05 010100
 -0.2214478E-03-0.7355407E-03 0.9946187E-04 0.1568921E-03-0.7647033E-02 001100
 -0.6506385E-02-0.4352215E-01-0.7075089E-04-0.6276521E-05-0.4377743E-02 100001
  0.1483286E-01 0.7857572E-02-0.2823844E-04-0.1743833E-04-0.2316633E-02 010001
 -0.7186056E-04 0.1104710E-03 0.1137170     0.1083381     0.2276735E-02 001001
  0.6703385E-05-0.8962688E-04 0.2172674E-04 0.2047895E-04-0.1945433E-02 000200
 -0.2715131E-04 0.2703701E-04 0.5955990E-01 0.5646449E-01 0.1252063E-02 000101
 -0.1661860E-01-0.3267540E-01-0.1996969E-01-0.2107893E-01-0.2025344E-02 000002
  0.3703438E-05 0.3898233E-04-0.6894885E-09-0.1505330E-09 0.5288666E-05 300000
 -0.4074960E-04-0.1874976E-04 0.6757902E-07 0.1440448E-07 0.1006486E-04 210000
  0.9014521E-05 0.2174081E-04 0.1281777E-07 0.3662389E-07 0.6850871E-06 120000
 -0.4255502E-05-0.2684375E-05 0.9827658E-09 0.6740383E-08 0.8725091E-06 030000
  0.1294657E-08 0.1561226E-08-0.2610389E-03-0.2356374E-03 0.6439549E-08 201000
 -0.1267518E-06-0.1530766E-06 0.3471184E-04 0.4066835E-04-0.6289848E-06 111000
 -0.2274691E-07-0.2678092E-07-0.8379491E-04-0.7758868E-04-0.2750330E-06 021000
  0.2529818E-04 0.2348632E-03 0.6874032E-09 0.1571088E-09 0.3254936E-04 102000
 -0.1545081E-03-0.6709719E-04-0.6757596E-07-0.1509330E-07 0.3811429E-04 012000
   0.000000      0.000000    -0.8059380E-03-0.7493519E-03  0.000000     003000
  0.1907728E-07-0.4421868E-08-0.1370187E-03-0.1290781E-03-0.3559648E-06 200100
 -0.8560322E-08-0.3935758E-07 0.2445162E-04 0.2754060E-04-0.5661037E-06 110100
  0.1254088E-07-0.1129981E-08-0.4430475E-04-0.4195589E-04-0.1010319E-06 020100
  0.3638746E-04 0.2373839E-03 0.4662569E-10 0.7036209E-09 0.2863712E-04 101100
 -0.1557547E-03-0.7154797E-04-0.2124649E-08-0.6838208E-07 0.3841026E-04 011100
  0.1082568E-06 0.1583666E-06-0.1236934E-02-0.1156141E-02 0.9958753E-06 002100
  0.1094710E-04-0.6055265E-05 0.4792816E-04 0.4604848E-04 0.7795607E-04 200001
 -0.1551354E-04-0.4818121E-05-0.2755268E-05-0.3550762E-05-0.7182121E-05 110001
  0.4573262E-06 0.3995001E-05 0.1778992E-04 0.1722888E-04 0.1738067E-05 020001
 -0.1444884E-04-0.8166471E-04-0.4050686E-04 0.3339626E-04-0.9089531E-05 101001
  0.5383430E-04 0.2754192E-04-0.2979302E-05-0.3251762E-04-0.1296359E-04 011001
  0.1284978E-03 0.1332973E-03 0.4281474E-03 0.4012578E-03 0.4755708E-03 002001
  0.1230727E-04 0.6289453E-04 0.1063512E-07 0.1092344E-08 0.6590579E-05 100200
 -0.4093277E-04-0.1957434E-04 0.2716199E-08-0.1206057E-07 0.9981682E-05 010200
  0.3397837E-07 0.6048594E-07-0.6360196E-03-0.5953840E-03 0.4856896E-06 001200
 -0.9154473E-05-0.4626807E-04-0.1807082E-04 0.4546230E-05-0.4724061E-05 100101
  0.2802152E-04 0.1324771E-04 0.9820781E-06-0.1435861E-04-0.6918207E-05 010101
  0.8111889E-04 0.9630020E-04 0.4354815E-03 0.4078786E-03 0.3922967E-03 001101
  0.6244345E-03 0.1222337E-02 0.6489453E-05 0.7169106E-06 0.6717311E-04 100002
 -0.2081732E-04 0.1093074E-03-0.5029611E-06 0.4740444E-05 0.1885888E-05 010002
 -0.1841186E-04-0.2731900E-04-0.2288142E-02-0.2053240E-02-0.1418607E-03 001002
  0.3370440E-08 0.5333924E-08-0.1101368E-03-0.1034378E-03 0.1144145E-07 000300
  0.9218642E-05 0.1553582E-04 0.1151357E-03 0.1086307E-03 0.7605979E-04 000201
 -0.2013073E-05-0.7793159E-05-0.1103193E-02-0.9947076E-03-0.5652885E-04 000102
  0.1741683E-03 0.3498005E-03 0.5601039E-03 0.5361718E-03 0.5282460E-04 000003
 -0.8795060E-08 0.6605289E-08 0.5069650E-09 0.7042724E-09-0.7835868E-07 400000
  0.2305410E-07 0.5389212E-08-0.1338213E-07-0.1183463E-07-0.5426589E-07 310000
 -0.3416055E-08-0.5524778E-09-0.2868807E-08-0.2158838E-08-0.2855381E-07 220000
  0.6536985E-08 0.4268829E-08-0.3509206E-08-0.3037571E-08 0.1038649E-07 130000
  0.2999704E-10-0.6197215E-09-0.1530026E-08-0.1432074E-08-0.8740287E-09 040000
 -0.3015261E-09-0.2992410E-09 0.9393035E-07-0.9939109E-08 0.4547672E-10 301000
  0.1906799E-08 0.1868998E-07-0.4633026E-08 0.6565782E-07 0.2665237E-08 211000
 -0.1072550E-07 0.3407722E-08 0.2707681E-07-0.2009716E-07 0.4001310E-08 121000
 -0.5940959E-08-0.3598378E-08-0.3589157E-08 0.2099201E-07 0.1315794E-08 031000
 -0.3216010E-06-0.2137012E-06 0.1007238E-08 0.9440902E-09-0.1289394E-05 202000
  0.1507411E-06 0.8439730E-07-0.9856410E-07-0.9237898E-07 0.5247213E-07 112000
 -0.7451203E-07-0.9752958E-07-0.4500970E-07-0.4244596E-07-0.2702880E-06 022000
  0.1176130E-10 0.1240202E-09 0.2968096E-06-0.1448609E-06 0.1770205E-10 103000
 -0.1238400E-08-0.1222331E-07 0.6729810E-07 0.2269990E-06-0.1719196E-08 013000
 -0.8274021E-06-0.8040466E-06  0.000000      0.000000    -0.2777800E-05 004000
  0.6490484E-09 0.5488431E-08 0.4866356E-07 0.6078386E-08 0.7037425E-09 300100
  0.6220187E-11 0.1233248E-07-0.1277837E-07 0.3125370E-07 0.2097944E-08 210100
 -0.8480227E-08-0.8536993E-09 0.1522675E-07-0.6155910E-08 0.2608105E-08 120100
 -0.2088958E-08-0.7264111E-09-0.2625496E-08 0.1062673E-07 0.5633115E-09 030100
 -0.2381199E-06-0.1595109E-06-0.1242933E-07-0.1117344E-07-0.1125293E-05 201100
  0.1442963E-06 0.8026948E-07-0.1211793E-06-0.1134390E-06 0.3772449E-07 111100
 -0.4790169E-07-0.8064041E-07-0.3221650E-07-0.3044387E-07-0.2254572E-06 021100
 -0.1474330E-08-0.1226592E-07 0.4324445E-06-0.1408433E-06-0.1651034E-08 102100
  0.2268223E-07 0.3244669E-09 0.6884681E-07 0.3359860E-06-0.7205422E-08 012100
 -0.1396969E-05-0.1433345E-05 0.1266473E-06 0.1177552E-06-0.5128557E-05 003100
 -0.2096248E-05-0.3258304E-05-0.1689307E-07-0.4096866E-08 0.7542448E-07 300001
  0.1401576E-05 0.1032641E-05 0.3498737E-08-0.8767404E-08-0.2541621E-06 210001
 -0.4282772E-06-0.6853611E-06-0.6453608E-08-0.3873023E-09-0.2061282E-07 120001
 -0.1036094E-06-0.1397590E-06 0.1051370E-08-0.4248324E-08 0.1536367E-07 030001
  0.6607503E-07 0.4446816E-07 0.1204334E-04 0.1068745E-04 0.3541298E-06 201001
 -0.3485490E-07-0.1061555E-07-0.4724616E-05-0.4286791E-05 0.4102550E-07 111001
  0.1579010E-07 0.2881226E-07-0.5277352E-07-0.2247702E-06 0.8676659E-07 021001
 -0.9087206E-05-0.1532271E-04-0.1456172E-06 0.3428728E-07-0.1379109E-06 102001
  0.5257934E-06-0.2084300E-05-0.1559872E-07-0.1158123E-06-0.3416606E-06 012001
  0.4309146E-06 0.4584607E-06 0.2930964E-04 0.2622355E-04 0.1676420E-05 003001
 -0.3648776E-07-0.2290647E-07-0.1398535E-07-0.1330298E-07-0.2419204E-06 200200
  0.3308167E-07 0.1768279E-07-0.3576064E-07-0.3363763E-07-0.9561645E-09 110200
 -0.4304758E-08-0.1520372E-07-0.6728088E-08-0.6267149E-08-0.4334617E-07 020200
  0.9794735E-10-0.2487610E-09 0.2109084E-06-0.4131414E-07-0.9444518E-10 101200
  0.1614934E-07 0.6335343E-08 0.2078703E-07 0.1683715E-06-0.4142640E-08 011200
 -0.8471542E-06-0.9393206E-06 0.1301530E-06 0.1214905E-06-0.3511769E-05 002200
  0.1746695E-07 0.8839747E-08 0.6596541E-05 0.6068887E-05 0.1623033E-06 200101
 -0.1708797E-07-0.5852031E-08-0.2375594E-05-0.2178388E-05 0.3174606E-07 110101
  0.8113469E-09 0.9476738E-08-0.9710892E-07-0.1885570E-06 0.3194373E-07 020101
 -0.8819564E-05-0.1454254E-04-0.1430157E-06 0.1745781E-07-0.4361496E-07 101101
  0.8297635E-07-0.2382343E-05-0.8493234E-08-0.1118565E-06-0.2815149E-06 011101
  0.4930896E-06 0.5792198E-06 0.4316188E-04 0.3913265E-04 0.2230620E-05 002101
 -0.6340192E-06 0.1074195E-06-0.2832431E-05-0.2660376E-05-0.2305493E-05 200002
  0.2968115E-06 0.6093110E-06 0.7334601E-06 0.6897434E-06 0.4397134E-06 110002
  0.2786644E-07-0.6037876E-07-0.1690051E-06-0.1273484E-06 0.3209159E-07 020002
  0.3112514E-05 0.5649144E-05 0.7652283E-06-0.2726824E-05 0.8871100E-07 101002
 -0.5180117E-06 0.5514107E-06 0.1626250E-06 0.7317278E-06 0.2144420E-06 011002
 -0.6769759E-05-0.6100441E-05-0.1891941E-04-0.1738013E-04-0.1619196E-04 002002
  0.7110734E-09 0.3309863E-08 0.3481761E-07-0.1809048E-08 0.3194142E-09 100300
  0.2226018E-08 0.1543891E-08 0.9844046E-09 0.2803496E-07-0.4612924E-09 010300
 -0.2123354E-06-0.2659636E-06 0.3372979E-07 0.3152671E-07-0.1053161E-05 001300
 -0.2226263E-05-0.3578363E-05-0.3670170E-07-0.1075734E-08 0.5767433E-08 100201
 -0.1162105E-06-0.7157040E-06 0.1178578E-09-0.2792312E-07-0.5279414E-07 010201
  0.1739258E-06 0.2411876E-06 0.2100202E-04 0.1903639E-04 0.9967071E-06 001201
  0.1653689E-05 0.2949754E-05 0.3690188E-06-0.1042275E-05 0.4041388E-07 100102
 -0.1530155E-06 0.4008795E-06 0.7505556E-07 0.3760050E-06 0.1007796E-06 010102
 -0.5474148E-05-0.5098471E-05-0.1846437E-04-0.1687019E-04-0.1420562E-04 001102
 -0.1458386E-04-0.2398769E-04-0.1856168E-06 0.2915114E-06-0.1913978E-05 100003
 -0.1928428E-05-0.4049765E-05-0.1968017E-07-0.1757266E-06-0.2142603E-07 010003
  0.1813552E-05 0.1820356E-05 0.3849189E-04 0.3189145E-04 0.5850132E-05 001003
 -0.1711374E-07-0.2692570E-07 0.2148876E-10-0.1460781E-10-0.1156874E-06 000400
  0.1589298E-07 0.3178185E-07 0.3374049E-05 0.3016579E-05 0.1472193E-06 000301
 -0.1072033E-05-0.1044380E-05-0.4570695E-05-0.4121415E-05-0.3098008E-05 000202
  0.6453304E-06 0.7033757E-06 0.1772933E-04 0.1467121E-04 0.2489692E-05 000103
 -0.1986692E-05-0.3998128E-05-0.1094253E-04-0.9745654E-05-0.1177172E-05 000004
  0.2460506E-09 0.5903398E-08-0.3002325E-12  0.000000     0.8916495E-09 500000
 -0.2919857E-08 0.1888169E-08 0.4702561E-11-0.7226493E-12 0.1254217E-08 410000
  0.9528088E-10 0.2286485E-08 0.1385545E-11 0.3439396E-11 0.3567063E-09 320000
 -0.8077722E-09-0.4777930E-09 0.1010473E-11  0.000000     0.1794560E-09 230000
  0.2018615E-09 0.2971378E-09 0.3276494E-12 0.8188251E-12-0.1117459E-10 140000
  0.8571873E-11 0.1186249E-10-0.8504354E-13 0.3695988E-12-0.1079992E-11 050000
  0.7953162E-12 0.8072470E-12-0.8933609E-08-0.7481925E-08 0.3561380E-11 401000
 -0.3155878E-10-0.2327166E-10 0.8336245E-09 0.7634601E-09-0.1166047E-09 311000
  0.3226342E-11 0.2145482E-11-0.2616063E-08-0.1929876E-08-0.2587116E-10 221000
 -0.2170495E-11-0.7123718E-11 0.2269959E-08 0.2030441E-08-0.2297275E-10 131000
 -0.2256409E-11-0.3195951E-11 0.1968274E-09 0.2489559E-09-0.8756568E-11 041000
  0.1291517E-07 0.2137882E-07-0.7702824E-13 0.2802357E-12-0.3740754E-09 302000
 -0.1018913E-07-0.6622962E-08 0.3181469E-10-0.2174167E-10 0.1989585E-08 212000
  0.3226917E-08 0.5215950E-08 0.2640947E-10 0.2283151E-10-0.1302003E-11 122000
  0.7510078E-09 0.1247831E-08 0.1314091E-11 0.1287332E-10-0.1001972E-09 032000
  0.1419393E-11 0.1483228E-11-0.7048627E-07-0.6214134E-07 0.4535235E-11 203000
 -0.1388042E-09-0.1451626E-09 0.2244869E-07 0.2000822E-07-0.4438779E-09 113000
 -0.5931167E-10-0.5634846E-10 0.2390501E-08 0.3342588E-08-0.1868726E-09 023000
  0.2963934E-07 0.4661145E-07 0.1583808E-12  0.000000    -0.9084720E-09 104000
 -0.4086860E-09 0.8892150E-08-0.1552806E-10 0.7440609E-11 0.1159822E-08 014000
   0.000000      0.000000    -0.8450215E-07-0.7580223E-07  0.000000     005000
 -0.1566917E-11 0.1533055E-11-0.5597364E-08-0.5044321E-08-0.1264362E-10 400100
 -0.1054912E-10-0.7590248E-11 0.6203216E-09 0.5355751E-09-0.6558283E-10 310100
  0.5124846E-11 0.2449454E-11-0.1699463E-08-0.1424200E-08-0.1652804E-10 220100
 -0.8714804E-12-0.3351627E-11 0.1188585E-08 0.1089462E-08-0.1285480E-10 130100
 -0.3897134E-12-0.9878833E-12 0.8119224E-10 0.1081240E-09-0.2939999E-11 040100
  0.1283612E-07 0.2103901E-07 0.9337752E-11-0.3205263E-12-0.4682290E-09 301100
 -0.9866521E-08-0.6421611E-08 0.3993185E-10-0.1619018E-10 0.1992963E-08 211100
  0.3094064E-08 0.5097195E-08 0.2049093E-10 0.3162940E-10-0.9122771E-11 121100
  0.8107419E-09 0.1310846E-08 0.1913472E-11 0.7571567E-11-0.8256080E-10 031100
  0.2185208E-11 0.2238672E-11-0.1116523E-06-0.1011039E-06 0.7227783E-11 202100
 -0.2152720E-09-0.2202266E-09 0.3185950E-07 0.2826512E-07-0.7131989E-09 112100
 -0.5380169E-10-0.5151693E-10 0.2689242E-08 0.3974163E-08-0.1979915E-09 022100
  0.5739550E-07 0.9099844E-07-0.3081382E-10 0.1535773E-10-0.1889956E-08 103100
 -0.2057313E-09 0.1896971E-07-0.3400210E-10-0.4169071E-10 0.2506627E-08 013100
  0.1733603E-09 0.1684668E-09-0.2198029E-06-0.2010851E-06 0.5820149E-09 004100
  0.1640785E-08-0.2071300E-09 0.2068386E-08 0.1904202E-08 0.3708796E-08 400001
 -0.9127293E-09-0.1074580E-08 0.4811237E-09 0.4287877E-09 0.1568582E-09 310001
  0.4306648E-09 0.4647246E-09 0.6478289E-09 0.5610205E-09 0.2555404E-08 220001
 -0.1025010E-09-0.3989181E-09-0.4738604E-09-0.4501100E-09-0.4704299E-09 130001
 -0.2739869E-10-0.4891292E-11-0.1316563E-10-0.2663746E-10-0.5543032E-10 040001
 -0.4363586E-08-0.7116076E-08-0.4136790E-08 0.6974069E-08 0.1770117E-09 301001
  0.2659634E-08 0.8134849E-09-0.1420506E-09-0.4746696E-08-0.7418702E-09 211001
 -0.1292311E-08-0.2585351E-08-0.1753706E-09 0.3842218E-08-0.5729497E-10 121001
 -0.2038893E-09-0.4806728E-09-0.2551102E-09-0.1765377E-09 0.2003089E-11 031001
  0.3730562E-07 0.2404911E-07 0.3916449E-07 0.3592260E-07 0.9124189E-07 202001
 -0.9411061E-08-0.1324259E-07-0.6000691E-08-0.5211679E-08-0.2368318E-07 112001
  0.4276684E-08 0.4108398E-08 0.1451770E-08 0.8394094E-09 0.8207299E-08 022001
 -0.1929291E-07-0.3072924E-07-0.8731498E-08 0.3391659E-07 0.6592313E-09 103001
  0.4315501E-09-0.5903472E-08-0.4982107E-08-0.8777317E-08-0.8835433E-09 013001
  0.8114837E-07 0.6942230E-07 0.7673021E-07 0.7087956E-07 0.1922887E-06 004001
  0.3384006E-08 0.5533790E-08 0.7494790E-11 0.1408825E-11-0.1395867E-09 300200
 -0.2545101E-08-0.1616395E-08 0.1155589E-10-0.4640201E-12 0.5448339E-09 210200
  0.7501190E-09 0.1298523E-08 0.3772676E-11 0.9563042E-11 0.2423563E-11 120200
  0.2270051E-09 0.3579189E-09 0.6976854E-12 0.1242941E-11-0.1616192E-10 030200
 -0.8871672E-11-0.5599095E-11-0.5918827E-07-0.5424698E-07-0.4944033E-10 201200
 -0.9707220E-10-0.1033243E-09 0.1501912E-07 0.1326146E-07-0.3663219E-09 111200
 -0.1649912E-10-0.1640254E-10 0.1153752E-08 0.1879040E-08-0.7739324E-10 021200
  0.4216095E-07 0.6733149E-07-0.2331034E-10 0.9963476E-11-0.1474965E-08 102200
  0.6377785E-09 0.1552793E-07-0.1884498E-10-0.5247439E-10 0.2001565E-08 012200
  0.2280608E-09 0.2315507E-09-0.2268331E-06-0.2093690E-06 0.8230909E-09 003200
 -0.2697919E-08-0.4408791E-08-0.2482368E-08 0.2802063E-08 0.1114779E-09 300101
  0.1344494E-08 0.2141240E-09 0.1384880E-09-0.2486681E-08-0.4265381E-09 210101
 -0.5333766E-09-0.1230787E-08-0.5126277E-10 0.1830848E-08-0.4774214E-10 120101
 -0.1296427E-09-0.2764102E-09-0.1568847E-09-0.1105151E-09-0.4218053E-11 030101
  0.3298490E-07 0.2182652E-07 0.4249179E-07 0.3914422E-07 0.8505258E-07 201101
 -0.7758660E-08-0.1231885E-07-0.4354293E-08-0.3670520E-08-0.2085778E-07 111101
  0.4102079E-08 0.4016446E-08 0.1303513E-08 0.6294712E-09 0.8239223E-08 021101
 -0.2804922E-07-0.4504913E-07-0.1397042E-07 0.4456758E-07 0.1017363E-08 102101
 -0.4340156E-09-0.1016889E-07-0.6690016E-08-0.1294434E-07-0.1360888E-08 012101
  0.1503992E-06 0.1301163E-06 0.1531013E-06 0.1420969E-06 0.3659355E-06 003101
  0.1079361E-06 0.1426713E-06 0.1089837E-08-0.7911129E-09-0.5354455E-08 300002
 -0.3315887E-07-0.2833278E-07-0.8415442E-10 0.8151842E-09 0.3583786E-08 210002
 -0.1767150E-08 0.1909108E-08 0.9623801E-10-0.6100739E-09 0.2713483E-08 120002
  0.2213178E-08 0.2909002E-08 0.5105606E-10 0.9706849E-10-0.3298171E-10 030002
 -0.1114143E-07-0.7490224E-08-0.4337613E-06-0.3666508E-06-0.3145098E-07 201002
  0.2070433E-08 0.3533976E-08 0.5727393E-07 0.3715153E-07 0.4769511E-08 111002
 -0.1738202E-08-0.1859261E-08 0.2311377E-07 0.2450199E-07-0.4211020E-08 021002
  0.3440680E-06 0.4841380E-06 0.6397130E-08-0.1444169E-07 0.6865605E-08 102002
  0.3402807E-07 0.8954520E-07 0.2285506E-08 0.5678374E-08 0.1677176E-08 012002
 -0.5361946E-07-0.4753601E-07-0.7586287E-06-0.6169474E-06-0.1386633E-06 003002
 -0.2321964E-11-0.1258364E-11-0.1053270E-07-0.9666727E-08-0.2218119E-10 200300
 -0.1200272E-10-0.1457143E-10 0.2350644E-08 0.2050335E-08-0.6101676E-10 110300
 -0.1580417E-11-0.1981988E-11 0.2115516E-09 0.3751941E-09-0.1163836E-10 020300
  0.1393608E-07 0.2235164E-07-0.6859354E-12 0.1869335E-11-0.5194642E-09 101300
  0.6070850E-09 0.5749529E-08-0.2856464E-11-0.1826409E-10 0.6944214E-09 011300
  0.1015152E-09 0.1078308E-09-0.1162688E-06-0.1074765E-06 0.3937235E-09 002300
  0.7001203E-08 0.4690802E-08 0.1204669E-07 0.1107554E-07 0.1957429E-07 200201
 -0.1514892E-08-0.2886755E-08-0.7679929E-09-0.5938211E-09-0.4531703E-08 110201
  0.9917807E-09 0.9888415E-09 0.2571004E-09 0.3189396E-10 0.2104905E-08 020201
 -0.1425002E-07-0.2309142E-07-0.7099149E-08 0.2025165E-07 0.5197485E-09 101201
 -0.7465360E-09-0.5897583E-08-0.3181498E-08-0.6611724E-08-0.7189038E-09 011201
  0.1042128E-06 0.9119275E-07 0.1168952E-06 0.1082441E-06 0.2607080E-06 002201
 -0.4570177E-08-0.3001025E-08-0.2328661E-06-0.2032492E-06-0.1459989E-07 200102
  0.7695680E-09 0.1710013E-08 0.2038995E-07 0.1048420E-07 0.1798961E-08 110102
 -0.7552199E-09-0.8343475E-09 0.1213924E-07 0.1293394E-07-0.1994684E-08 020102
  0.3074393E-06 0.4310887E-06 0.6347221E-08-0.1330361E-07 0.4990117E-08 101102
  0.4021958E-07 0.9107843E-07 0.2185201E-08 0.5685826E-08 0.1512390E-08 011102
 -0.7255903E-07-0.6539289E-07-0.1110981E-05-0.9508352E-06-0.1946213E-06 002102
  0.2308399E-07 0.1433486E-07 0.1096067E-06 0.9856933E-07 0.7266896E-07 200003
 -0.5243959E-08-0.2148179E-07-0.1113591E-07-0.7670773E-08-0.5283512E-08 110003
 -0.5914461E-09-0.7263663E-09-0.2037144E-08-0.2822730E-08-0.1868150E-08 020003
 -0.1284961E-06-0.1924531E-06-0.1112227E-07 0.1061761E-06-0.2294978E-08 101003
 -0.9147933E-08-0.3582153E-07-0.3780427E-08-0.9263867E-08-0.2516142E-08 011003
  0.2409625E-06 0.2020161E-06 0.5554959E-06 0.4955354E-06 0.4500399E-06 002003
  0.1753294E-08 0.2809841E-08 0.1694411E-11 0.3589976E-12-0.7047520E-10 100400
  0.1456799E-09 0.8108140E-09 0.6210940E-13-0.1574780E-11 0.8776533E-10 010400
  0.1754237E-10 0.1864424E-10-0.2955264E-07-0.2711671E-07 0.6808677E-10 001400
 -0.2537749E-08-0.4130818E-08-0.1169687E-08 0.3162737E-08 0.9100487E-10 100301
 -0.2292518E-09-0.1161053E-08-0.5418765E-09-0.1172305E-08-0.1279957E-09 010301
  0.3204335E-07 0.2838383E-07 0.4026597E-07 0.3682869E-07 0.8254699E-07 001301
  0.6974438E-07 0.9744406E-07 0.1584647E-08-0.3164807E-08 0.1128731E-08 100202
  0.1207841E-07 0.2397496E-07 0.5588107E-09 0.1507505E-08 0.3720711E-09 010202
 -0.3291564E-07-0.3025043E-07-0.5365835E-06-0.4750528E-06-0.9193489E-07 001202
 -0.6172501E-07-0.9249252E-07-0.5292772E-08 0.4557833E-07-0.1250238E-08 100103
 -0.7394142E-08-0.2057783E-07-0.1801581E-08-0.4938877E-08-0.1246219E-08 010103
  0.2103316E-06 0.1786949E-06 0.5346106E-06 0.4844783E-06 0.4054915E-06 001103
  0.2640625E-06 0.4125548E-06 0.3462987E-08-0.1690763E-07 0.4750300E-07 100004
  0.5105884E-07 0.8508257E-07 0.7530888E-09 0.3357313E-08 0.4103170E-08 010004
 -0.8215639E-07-0.7279290E-07-0.6089578E-06-0.4594639E-06-0.1817444E-06 001004
  0.1103211E-11 0.8044466E-12-0.2981267E-08-0.2692965E-08 0.2189240E-11 000500
  0.3696670E-08 0.3317255E-08 0.5273751E-08 0.4728622E-08 0.9822338E-08 000401
 -0.4984031E-08-0.4689915E-08-0.8545100E-07-0.7717542E-07-0.1459578E-07 000302
  0.4581206E-07 0.3949272E-07 0.1290416E-06 0.1174152E-06 0.9165422E-07 000203
 -0.3428446E-07-0.3110120E-07-0.2733319E-06-0.2045083E-06-0.8051456E-07 000104
  0.2749516E-07 0.5075238E-07 0.1831742E-06 0.1500405E-06 0.2747675E-07 000005
 ------------------------------------------------------------------------------
